1.410453088971064251e+00 -5.476770684177599824e-01 -4.373022199999999415e+00 8.396224568456792103e-02 -1.100782065496720141e-01 -9.981820000000057869e-03
1.348298940455394446e+00 -5.277647230186849336e-01 -4.356596200000000252e+00 8.315791108415489241e-02 -1.099816723558420528e-01 -1.022482000000005109e-02
1.332843305666109091e+00 -5.266379633902660284e-01 -4.406922200000000345e+00 8.283611059030100698e-02 -1.083438306534313944e-01 -9.767820000000065894e-03
1.385898239500324536e+00 -5.517371630557343920e-01 -4.392579200000000128e+00 8.339116575524127550e-02 -1.073232588706188734e-01 -9.823820000000066388e-03
1.403294054789991918e+00 -5.250240600834517046e-01 -4.462950199999999867e+00 8.042968852037697680e-02 -1.089887475638799258e-01 -9.450820000000054177e-03
1.411935952392185722e+00 -4.858359279279992893e-01 -4.455682200000000037e+00 7.969435645611264163e-02 -1.081359100909316806e-01 -9.580820000000045411e-03
1.409941347328839578e+00 -4.644014933042153181e-01 -4.453713199999999262e+00 7.726106705540972119e-02 -1.093931211680491677e-01 -9.915820000000047374e-03
1.394172322623302929e+00 -4.352573312844183473e-01 -4.484493199999999291e+00 7.771309411021677660e-02 -1.090620674840000887e-01 -9.964820000000068623e-03
1.343463684068081143e+00 -4.004757746505372418e-01 -4.416124199999998723e+00 7.415248998085612053e-02 -1.088473881091642365e-01 -9.870820000000057881e-03
1.326200520324892329e+00 -3.881082097092949379e-01 -4.372280199999998729e+00 7.188248091518018024e-02 -1.077744608787571529e-01 -9.670820000000052152e-03
1.336543013753567211e+00 -4.023109006401646148e-01 -4.266701199999999972e+00 7.220068952557617825e-02 -1.036925788030144124e-01 -1.011982000000005710e-02
1.347279725210215995e+00 -3.221254433047062160e-01 -4.352836199999998712e+00 6.964859206796242264e-02 -1.041490210960168555e-01 -9.888820000000048127e-03
1.393649277692434962e+00 -3.263408042143716159e-01 -4.468475200000000314e+00 7.020273606315335924e-02 -1.051453189594059867e-01 -9.805820000000048386e-03
1.401597587408333512e+00 -3.079585045307040581e-01 -4.482735199999998699e+00 6.745689524673337267e-02 -1.065468096696434996e-01 -9.961820000000065622e-03
1.391178988057266919e+00 -2.758801929703684763e-01 -4.411426199999999298e+00 6.673518074818536594e-02 -1.061649547461638726e-01 -1.044482000000004907e-02
1.335813285561175068e+00 -2.888494503552103687e-01 -4.211826199999999076e+00 6.461128079234536303e-02 -1.059469410365429520e-01 -1.008882000000005386e-02
1.317914114221230948e+00 -2.517176560632113924e-01 -4.159843199999999186e+00 6.272237777432755623e-02 -1.043019804326003469e-01 -1.006682000000005961e-02
1.285226790156636101e+00 -2.334096278925928414e-01 -4.202303199999999350e+00 6.150760021313277787e-02 -1.018787108485842002e-01 -9.920820000000052374e-03
1.209377302858767322e+00 -2.424917873632474463e-01 -4.223355200000000309e+00 6.285450354303141751e-02 -9.826528706774863287e-02 -9.392820000000051683e-03
1.190965258606989874e+00 -2.326043037869980901e-01 -4.335156200000000126e+00 6.230726263170945772e-02 -9.631788177223993275e-02 -9.210820000000063956e-03
1.155376782739695019e+00 -2.267407077535922855e-01 -4.382872199999999552e+00 6.234615515763949900e-02 -9.521692883435982357e-02 -9.208820000000061956e-03
1.192475050193800401e+00 -2.113929142671108763e-01 -4.445978199999998992e+00 6.229984036922756041e-02 -9.505328305722407500e-02 -9.010820000000058227e-03
1.233621193110397307e+00 -1.914830201416520827e-01 -4.490297199999998767e+00 5.910219542208974830e-02 -9.736353667794281352e-02 -9.227820000000053202e-03
1.285864072289217619e+00 -1.936661983540703957e-01 -4.455531199999999359e+00 5.732193343997731005e-02 -9.969718966736629273e-02 -9.721820000000047646e-03
1.273035099890099886e+00 -1.861736057331767613e-01 -4.267760199999999671e+00 5.836051818921126483e-02 -1.004148871793158759e-01 -9.713820000000067401e-03
1.261407154094710936e+00 -2.151770681744007430e-01 -4.150677199999998734e+00 5.935622387685996620e-02 -1.007215501597750612e-01 -9.717820000000043645e-03
1.239384103453935460e+00 -1.878294151585780947e-01 -4.273182199999999042e+00 6.086675202871351387e-02 -1.009998965311504487e-01 -9.854820000000041880e-03
1.195449743656042951e+00 -2.283589634184510220e-01 -4.328117199999999443e+00 6.309245552477543706e-02 -1.011230100869344034e-01 -9.481820000000057425e-03
1.264412408398771781e+00 -2.677997381139612942e-01 -4.434405199999998715e+00 6.526834702947172107e-02 -1.033865518161257296e-01 -9.353820000000068191e-03
1.345066128884142120e+00 -3.463983749015527303e-01 -4.446609199999999262e+00 7.067241421088174547e-02 -1.049811348019898671e-01 -9.424820000000055931e-03
1.344409860882146646e+00 -4.754292026804582960e-01 -4.450949200000000161e+00 7.753147407251052836e-02 -1.063007172414731638e-01 -9.489820000000065425e-03
1.335612965657649420e+00 -5.634929701129796076e-01 -4.289465199999998646e+00 8.176299557304697596e-02 -1.051030571100094041e-01 -9.177820000000058709e-03
1.296373265723253843e+00 -5.777430879040224010e-01 -4.251655200000000079e+00 8.480511916152763674e-02 -1.031421430189769645e-01 -9.189820000000042954e-03
1.287357847327216476e+00 -6.053057777790034066e-01 -4.259036199999998829e+00 8.656355551807369542e-02 -1.030116379233791818e-01 -9.201820000000054955e-03
1.317659710348967783e+00 -6.061856927811497542e-01 -4.282946199999999592e+00 8.749920792457814567e-02 -1.019306778990478474e-01 -9.311820000000053943e-03
1.343246767406014008e+00 -6.045665806295468236e-01 -4.381996199999999675e+00 8.916318997546564262e-02 -1.028537877160925207e-01 -9.378820000000065438e-03
1.317236364385438119e+00 -7.409798696145545316e-01 -4.249764199999999548e+00 9.722740725340582590e-02 -1.017266121777795351e-01 -9.213820000000066957e-03
1.273580212793893995e+00 -7.937043867220265891e-01 -4.285934199999999805e+00 1.008563443006818411e-01 -1.039534435380104205e-01 -8.916820000000047486e-03
1.260860774751993318e+00 -8.287598706995480402e-01 -4.219243199999999305e+00 1.067230679774803931e-01 -1.048523908668853449e-01 -9.284820000000054696e-03
1.270629186656158538e+00 -9.297283907534268366e-01 -4.066128199999999637e+00 1.139377493077692038e-01 -1.067183636165207339e-01 -9.642820000000051905e-03
1.394348651041489306e+00 -1.093676286538054043e+00 -4.228867199999999826e+00 1.250400472435957977e-01 -1.102350411030328242e-01 -1.002482000000004536e-02
1.474803716664688125e+00 -1.225067543418284721e+00 -4.557584199999999086e+00 1.380286884723295748e-01 -1.151778746053103569e-01 -8.883820000000042238e-03
1.492156217000644824e+00 -1.340373405333846524e+00 -4.739939199999998465e+00 1.517586557046854967e-01 -1.171729427240552068e-01 -8.161820000000041819e-03
1.498652461038641803e+00 -1.377443791592945388e+00 -5.093975199999999148e+00 1.604428765038447557e-01 -1.192654938253307623e-01 -7.543820000000062143e-03
1.439836203863932740e+00 -1.262644327561276647e+00 -5.210709199999998376e+00 1.558705845302155168e-01 -1.187484608400333486e-01 -7.807820000000048610e-03
1.513339744025323341e+00 -1.277656941715473504e+00 -5.485389199999998411e+00 1.574775747555281491e-01 -1.201797998689673602e-01 -8.609820000000045770e-03
1.484955710095218873e+00 -1.324920944549074608e+00 -5.058329199999999304e+00 1.575295260859540247e-01 -1.210983318821639287e-01 -8.355820000000041547e-03
1.543137374764936620e+00 -1.142076241587078878e+00 -4.745032199999998923e+00 1.390191414465658803e-01 -1.231977416806318837e-01 -7.928820000000058599e-03
1.567430688706995090e+00 -1.268192692963228341e+00 -4.778747199999999751e+00 1.449866696788251474e-01 -1.251989555115825548e-01 -8.341820000000055302e-03
1.659559400471421808e+00 -1.249886884769458861e+00 -5.022429199999999483e+00 1.494348254648765750e-01 -1.296697070259275331e-01 -7.811820000000052611e-03
1.879965675487004217e+00 -1.938234925052683577e+00 -7.001563199999999654e+00 2.234104518240256909e-01 -1.463654297348000455e-01 -9.311820000000053943e-03
1.844576541378130541e+00 -1.997929192223192763e+00 -7.434978199999999759e+00 2.353586722946241772e-01 -1.469809096987078900e-01 -1.248282000000006109e-02
1.824330187377396939e+00 -1.661220438926405363e+00 -7.487585199999998053e+00 2.139219182871818503e-01 -1.425014707132536140e-01 -7.600820000000063636e-03
1.678707044875644927e+00 -1.525860483903088483e+00 -6.553061199999998365e+00 1.887829744131082621e-01 -1.318260034683889637e-01 -7.621820000000056883e-03
1.660292135070706498e+00 -1.627649834293372733e+00 -5.840046199999999743e+00 1.875834316145003899e-01 -1.299377272506952175e-01 -1.018982000000004384e-02
1.701453365429376197e+00 -1.389494551539954825e+00 -5.612143199999998444e+00 1.661113808357104482e-01 -1.353214194180712981e-01 -1.097382000000005076e-02
1.644102296610166603e+00 -1.540557645346133153e+00 -5.263745199999998903e+00 1.730555575356084452e-01 -1.348591522219671768e-01 -1.242782000000006160e-02
1.732651961139883623e+00 -1.616833851155512480e+00 -6.081090199999998447e+00 1.907725013985391571e-01 -1.404033435207736602e-01 -1.066982000000005204e-02
1.747849396294824498e+00 -1.640337335699539434e+00 -6.600385199999999841e+00 1.981347603186362771e-01 -1.425516332110739470e-01 -9.585820000000050412e-03
1.885488118988411621e+00 -1.815858903207005826e+00 -7.438023199999998170e+00 2.208044470384073754e-01 -1.471862976031774739e-01 -8.662820000000043263e-03
1.926825049819610003e+00 -1.845149889439236413e+00 -7.379817199999999744e+00 2.204173071046859889e-01 -1.478039444858849361e-01 -7.577820000000068390e-03
1.916258908309279363e+00 -1.688636693335573646e+00 -6.769477199999998973e+00 2.026763120054872191e-01 -1.477386536733105160e-01 -1.029182000000006258e-02
1.909418335769539565e+00 -1.739855340568085884e+00 -6.414195199999998209e+00 2.008789908344691122e-01 -1.516726235013862445e-01 -1.294082000000004729e-02
2.086443273573574508e+00 -1.819820328159391654e+00 -6.812246199999998808e+00 2.096287338715278059e-01 -1.611075904745898069e-01 -1.508682000000005630e-02
2.047268173372648103e+00 -1.608361944799338028e+00 -6.922793199999999203e+00 1.974966840521941713e-01 -1.652923505849432928e-01 -1.611582000000005843e-02
2.046765248206350307e+00 -1.888100706951237662e+00 -6.949334199999999129e+00 2.195741419109408232e-01 -1.644180671667867522e-01 -1.589182000000005646e-02
2.134756145086319723e+00 -1.641761382256095247e+00 -7.118507199999999813e+00 1.990255643044842038e-01 -1.685231717149592578e-01 -1.470382000000006184e-02
2.178728588541555489e+00 -1.404701793769200124e+00 -7.008257199999999187e+00 1.809030531133049291e-01 -1.712150240745033691e-01 -1.156382000000005794e-02
2.185479710487010951e+00 -1.432363960576549022e+00 -6.926151199999999619e+00 1.812676005232435328e-01 -1.742851372948760191e-01 -1.180782000000005216e-02
2.188073836435831421e+00 -1.431329998023234129e+00 -6.624466199999998750e+00 1.775054106890603389e-01 -1.773454669587470334e-01 -1.297482000000005353e-02
2.214769448199781721e+00 -1.390655967161412265e+00 -6.278042199999999795e+00 1.713563446710507643e-01 -1.793633173263809444e-01 -1.210282000000004188e-02
2.377452924992144112e+00 -1.757536322136639129e+00 -6.956015199999999510e+00 2.072480431980519844e-01 -1.877401211826773830e-01 -1.227182000000004436e-02
2.507092662948748885e+00 -1.952846171206118697e+00 -7.982779199999999520e+00 2.338734807692515461e-01 -1.964378921696690594e-01 -1.103582000000005725e-02
2.478565516729139606e+00 -2.084225309948024574e+00 -8.516499199999998382e+00 2.517562247456144320e-01 -1.961157604018190226e-01 -1.216582000000004937e-02
2.439338528435068820e+00 -2.201911391887976244e+00 -8.403603199999999163e+00 2.594934718218369629e-01 -1.931955875162718606e-01 -1.153382000000005569e-02
2.353649434719388811e+00 -1.691558489989509972e+00 -7.735729199999999750e+00 2.102031888721228592e-01 -1.908574216245693400e-01 -1.208082000000004763e-02
2.231670620977441732e+00 -1.311582183618826836e+00 -5.949154199999998838e+00 1.627435773321671830e-01 -1.764692524055023748e-01 -1.445782000000006562e-02
2.333305013306452569e+00 -1.514915205457170622e+00 -6.097100199999999859e+00 1.801585451527774329e-01 -1.857979346172143886e-01 -1.427882000000005314e-02
2.528079303399751954e+00 -1.843742572564368132e+00 -7.665260199999998747e+00 2.217452983428614965e-01 -2.025256704205749825e-01 -1.610482000000004743e-02
2.605524477612713774e+00 -1.939866390315869937e+00 -7.850364199999999570e+00 2.347052276437003870e-01 -2.028878161333174113e-01 -1.937882000000004656e-02
2.605480003700428870e+00 -1.759002084998123383e+00 -8.834949199999998726e+00 2.314103513663419154e-01 -2.062592535592382981e-01 -2.081482000000006716e-02
2.497243241089350807e+00 -1.879026796818119793e+00 -8.420417199999999269e+00 2.312129705835255233e-01 -2.003079032228377576e-01 -1.950982000000006655e-02
2.550703711012667796e+00 -1.739038677062984650e+00 -8.261257199999999301e+00 2.238740034720041183e-01 -2.028782274700888233e-01 -1.816482000000005370e-02
2.548493785960018077e+00 -1.870339393554790730e+00 -7.496678199999998071e+00 2.195530524971081310e-01 -2.043081081198444560e-01 -1.730882000000005805e-02
2.635431950083211738e+00 -2.085221765051125331e+00 -7.510398199999999136e+00 2.375878493573952976e-01 -2.114699317848180993e-01 -1.627282000000004891e-02
2.705797678630458503e+00 -1.835160829247439063e+00 -7.639599199999999257e+00 2.190174342379300754e-01 -2.161524531452325426e-01 -1.908182000000005485e-02
2.668017732624773153e+00 -1.770669735189364102e+00 -7.322753199999999296e+00 2.079426242035368189e-01 -2.125550947113116207e-01 -1.870982000000004364e-02
2.725237621252499576e+00 -1.830593292071699851e+00 -7.715499199999998226e+00 2.185194968451866504e-01 -2.167130656253896115e-01 -1.738182000000004779e-02
2.707610730398159582e+00 -1.835058847446923602e+00 -7.819275199999998094e+00 2.211152509376370923e-01 -2.186648006718360515e-01 -1.780382000000005349e-02
2.767906269499234462e+00 -1.791800842332137877e+00 -7.889193199999999351e+00 2.158435668326698642e-01 -2.213269343456841509e-01 -2.160182000000004932e-02
2.949814553754573243e+00 -2.074012699576441854e+00 -8.983551199999999071e+00 2.561182901145757640e-01 -2.338658751528619462e-01 -2.063682000000005567e-02
2.862351435884622930e+00 -1.697382994387821142e+00 -8.363718199999999214e+00 2.111516372793046936e-01 -2.272976091874636118e-01 -1.786482000000005899e-02
2.777632637168332419e+00 -1.642627452302396041e+00 -7.972368199999998239e+00 2.105859883852659598e-01 -2.218760999576759041e-01 -1.608182000000005218e-02
2.704910695920515806e+00 -1.501531991570489888e+00 -7.179449199999998754e+00 1.886628006430734750e-01 -2.159824727875387373e-01 -1.796282000000004597e-02
2.752278408222840866e+00 -1.672682485417992471e+00 -7.490402199999998345e+00 2.031536531628271580e-01 -2.236137679758241348e-01 -1.852782000000005591e-02
2.836686569087183862e+00 -1.778201285920553154e+00 -7.512569199999999725e+00 2.131977743485290455e-01 -2.287970587844645465e-01 -2.058182000000005618e-02
2.972350705534963833e+00 -1.815696911423779092e+00 -8.121995199999998860e+00 2.224608902689718393e-01 -2.363221887796498333e-01 -2.063782000000005667e-02
2.905475747309312240e+00 -1.470155000535508627e+00 -7.908834199999999370e+00 1.913490522028777618e-01 -2.299258318361127318e-01 -1.775882000000006400e-02
2.740797582932168908e+00 -1.442993075449563456e+00 -7.053428199999999038e+00 1.787157420230609250e-01 -2.153026869315260161e-01 -1.753682000000006402e-02
2.643882619173278936e+00 -1.323771966405850264e+00 -6.814110199999998230e+00 1.675376581841691581e-01 -2.112287998821953394e-01 -1.512082000000006254e-02
2.648380450168116074e+00 -1.569988225670631010e+00 -7.272174199999998478e+00 1.941912068269354141e-01 -2.136375484676005798e-01 -1.422782000000005764e-02
2.732216797469301017e+00 -1.854967089792507684e+00 -7.902569199999998517e+00 2.224809368548165689e-01 -2.205190406713014029e-01 -1.566082000000004748e-02
2.665267152070855072e+00 -1.596304389160927650e+00 -8.013117199999998164e+00 2.074219118530765960e-01 -2.147247607335551756e-01 -1.587382000000006621e-02
2.555793143415527879e+00 -1.534654948985584300e+00 -7.743045199999999184e+00 1.964552132418748154e-01 -2.033981643087210966e-01 -1.368682000000004395e-02
2.448876581390640794e+00 -1.505076899171938987e+00 -7.377295199999998943e+00 1.852794123469622689e-01 -1.935773783749338839e-01 -1.177982000000005192e-02
2.377089049198034321e+00 -1.381553642306295959e+00 -6.968740199999999163e+00 1.774064286270532198e-01 -1.891214465592473137e-01 -1.076682000000006578e-02
2.337693908035506141e+00 -1.231989394112469327e+00 -6.636669199999998270e+00 1.601032995862677333e-01 -1.850604542669713748e-01 -8.863820000000049992e-03
2.272313655215450368e+00 -1.139838207325833741e+00 -6.445681199999999222e+00 1.482934362939795914e-01 -1.817095967621726871e-01 -7.982820000000057092e-03
2.242022632089815559e+00 -1.014475074308178737e+00 -6.659646199999999183e+00 1.453988332029634845e-01 -1.804135836659890024e-01 -7.251820000000047672e-03
2.247446661099582244e+00 -8.235419027289548888e-01 -6.957991199999998599e+00 1.317711354682230274e-01 -1.800425318494583427e-01 -3.423820000000049601e-03
2.263139545792379081e+00 -7.148758700507598096e-01 -7.320206199999999441e+00 1.288543528613232958e-01 -1.810284122803864915e-01 1.671799999999334929e-04
2.241225193727109932e+00 -5.334480990520523713e-01 -7.313690199999998143e+00 1.182378657310474285e-01 -1.791238740128037743e-01 3.332179999999934639e-03
2.107693843054211147e+00 -6.461559798788670816e-01 -6.801768199999999709e+00 1.167908022735181378e-01 -1.722430086348238076e-01 3.149179999999945911e-03
1.995020450000025924e+00 -5.664909277941723165e-01 -6.228435199999999838e+00 1.031488178366957720e-01 -1.621486486934755611e-01 3.340179999999942639e-03
1.911886731195216349e+00 -6.201252442872802195e-01 -5.709672199999998199e+00 1.019325669860654399e-01 -1.516099129596059081e-01 4.426179999999946268e-03
1.752680870101526178e+00 -8.969049145132861334e-01 -5.258219199999999205e+00 1.157592379919572811e-01 -1.393519776973021485e-01 1.327179999999955617e-03
1.668099923349883884e+00 -1.066807229343296193e+00 -5.053838199999999503e+00 1.273677661702302122e-01 -1.329095778700449815e-01 -4.078200000000586911e-04
1.576916140490487894e+00 -1.125117028455028034e+00 -5.044455199999999806e+00 1.356394809019768055e-01 -1.246911701534245270e-01 -2.573820000000059949e-03
1.449421099998876361e+00 -1.370165540417541905e+00 -5.036755199999998212e+00 1.549579297030012348e-01 -1.180436728106497302e-01 -3.025820000000067900e-03
1.440922342340543283e+00 -1.600058651598074810e+00 -5.393194199999998162e+00 1.796189077170193826e-01 -1.180370855416757320e-01 -3.220820000000068628e-03
1.371195349319388690e+00 -1.422146966750710728e+00 -5.392165199999999103e+00 1.699663050226216110e-01 -1.128979566053573136e-01 -3.587820000000047083e-03
1.239059040152768132e+00 -1.232301858955373808e+00 -4.421131199999999595e+00 1.462358583907252263e-01 -1.008491618253506139e-01 -5.216820000000066404e-03
1.130764309097527232e+00 -1.232038561266278087e+00 -3.609529199999999438e+00 1.332171437708035422e-01 -9.101822689295296920e-02 -6.452820000000053513e-03
1.156785164157391410e+00 -1.389634594893249586e+00 -3.697001199999999432e+00 1.407620128226374778e-01 -9.239297050202271988e-02 -5.075820000000064169e-03
1.215952304530442785e+00 -1.234707887608560650e+00 -4.219875199999998827e+00 1.430599790132330851e-01 -9.663778020174769445e-02 -6.668820000000047488e-03
1.167682535932496268e+00 -1.277236610332158850e+00 -3.997272199999999831e+00 1.395851040070973104e-01 -9.434394221886123477e-02 -7.102820000000065193e-03
1.152838159577529664e+00 -1.316941520313572145e+00 -3.957591199999999976e+00 1.389952344764365522e-01 -9.507481767801830019e-02 -7.237820000000061427e-03
1.298555843946655575e+00 -1.707699136175501842e+00 -4.758895199999999548e+00 1.804300976815558788e-01 -1.039602170034874123e-01 -6.948820000000049957e-03
1.364904639562643185e+00 -1.626947925842108456e+00 -5.187904199999998411e+00 1.684450323995333454e-01 -1.104072868949697306e-01 -5.609820000000043105e-03
1.212300192714299785e+00 -1.343151493820648579e+00 -4.076597200000000143e+00 1.349104095751773591e-01 -1.011081099406269113e-01 -5.243820000000065651e-03
1.218603727904988610e+00 -1.407575043777941071e+00 -3.906884199999999918e+00 1.289014657416991394e-01 -9.882798976701678839e-02 -4.383820000000065997e-03
1.295737158224557373e+00 -1.426871469020358552e+00 -4.534487199999999163e+00 1.278202657708042422e-01 -1.110599616694917247e-01 -5.323820000000062391e-03
1.365233614760298586e+00 -1.375328609389020240e+00 -4.055524199999998913e+00 1.115198058907639067e-01 -1.148098130931077820e-01 -7.191820000000043178e-03
1.472132327717644351e+00 -1.393017280143572956e+00 -3.764968199999999765e+00 1.051263623471175579e-01 -1.223849305611215132e-01 -2.368820000000049220e-03
1.663847669584956224e+00 -1.252369199215677353e+00 -4.224342199999998826e+00 9.531764627227720665e-02 -1.353679335251190274e-01 3.133179999999957666e-03
1.798110320402113160e+00 -1.481585601378678341e+00 -4.572752199999998268e+00 1.017393442260785402e-01 -1.483954949772919862e-01 6.927179999999949489e-03
1.948995184945709003e+00 -1.640821977849824531e+00 -4.891726199999999025e+00 1.153781679021102513e-01 -1.601765247172645401e-01 1.167717999999995371e-02
1.933809111629720023e+00 -1.414308404317814460e+00 -4.285096199999999911e+00 1.094735710958738839e-01 -1.604992654116044748e-01 1.766517999999994704e-02
1.884961382748849168e+00 -1.332539155751003790e+00 -3.945911199999999841e+00 1.068634094666986029e-01 -1.582184187991420299e-01 2.171317999999994308e-02
1.837244006686110875e+00 -1.378395180608019244e+00 -4.089052199999999360e+00 1.064929408120138393e-01 -1.551179915744041182e-01 2.563817999999995489e-02
1.827186780119254950e+00 -1.435636997925282099e+00 -4.160729199999998684e+00 1.031688896129437510e-01 -1.529690679773536011e-01 2.701417999999994324e-02
1.841927505838992118e+00 -1.513038894964408909e+00 -4.043296200000000340e+00 1.037634217988875618e-01 -1.506666215654089425e-01 2.591817999999992961e-02
1.770853872076220581e+00 -1.390692228525329366e+00 -3.962898199999999260e+00 9.114641080604342360e-02 -1.465142638488279858e-01 2.496817999999995097e-02
1.683440388466856286e+00 -1.475949931146707472e+00 -3.875291199999999936e+00 8.852589585080418433e-02 -1.422901010478261619e-01 2.474017999999994499e-02
1.709699891564923302e+00 -1.392328545311249055e+00 -3.588381199999999271e+00 8.471129789125685094e-02 -1.424227185693586473e-01 2.467517999999993550e-02
1.806275846858752532e+00 -1.357023142593191789e+00 -3.673933199999999122e+00 9.408544750011575697e-02 -1.507067896162975207e-01 2.622317999999992932e-02
1.942859891666309125e+00 -1.545567733695688561e+00 -4.226949199999999962e+00 1.179163314918508371e-01 -1.638123991088951403e-01 2.857117999999994606e-02
2.156558218172949015e+00 -1.306459900247552319e+00 -4.296788199999999946e+00 1.142670116882918974e-01 -1.753781266679963480e-01 3.007217999999994840e-02
2.187840041170660665e+00 -1.282650156697067834e+00 -3.839624199999999821e+00 1.148327300416405461e-01 -1.788174691552581741e-01 3.153217999999993748e-02
2.223983779907242830e+00 -1.531858998659269222e+00 -4.271876199999999457e+00 1.361379882544226927e-01 -1.835645606318024592e-01 3.188617999999993069e-02
2.282484714615800492e+00 -1.542357029485337705e+00 -4.031132200000000054e+00 1.542432693745537375e-01 -1.827568877023157401e-01 3.348917999999995176e-02
2.139748252909449810e+00 -1.384576306545077351e+00 -3.175384199999999435e+00 1.408820846225698475e-01 -1.737596218941185877e-01 3.353017999999996501e-02
2.103531026767500922e+00 -1.446667837485962727e+00 -3.183743199999999884e+00 1.468863654366671379e-01 -1.700921151244638996e-01 3.306817999999994706e-02
2.163915773730496817e+00 -1.519950827055268627e+00 -3.546355199999999375e+00 1.577785986922615735e-01 -1.683859209075814489e-01 3.280817999999996459e-02
2.108348795468117043e+00 -1.616189987238575654e+00 -3.855773199999999346e+00 1.690394607533058646e-01 -1.665104405312158031e-01 3.290817999999995358e-02
2.046676785131343657e+00 -1.441428183969037491e+00 -3.390648199999999779e+00 1.515426013257120674e-01 -1.593818932618893125e-01 3.158917999999993897e-02
1.906378260246628153e+00 -1.433552322354397335e+00 -2.883192199999999428e+00 1.473460218602403726e-01 -1.552967508176187061e-01 3.140117999999994525e-02
1.957528086181471005e+00 -1.536401804082966560e+00 -3.181948199999999449e+00 1.591714791275545271e-01 -1.591535350245619762e-01 3.246917999999993087e-02
1.999370007108333347e+00 -1.597374258668215141e+00 -3.487544199999999872e+00 1.648482612195140418e-01 -1.645427730115511800e-01 3.322317999999996330e-02
2.085469810355903952e+00 -1.662110510071347580e+00 -3.369643199999999172e+00 1.661251417708061451e-01 -1.660665003683089447e-01 3.323117999999991579e-02
2.083697118164685058e+00 -1.528614997714582868e+00 -3.069381199999999144e+00 1.503803271446264023e-01 -1.660365439460336212e-01 3.257017999999994862e-02
2.168498978617373396e+00 -1.460783826202048941e+00 -3.213497199999999498e+00 1.483720641739695867e-01 -1.723434116979916664e-01 3.348517999999994776e-02
2.154310515501148160e+00 -1.532225415086951870e+00 -2.918626199999999837e+00 1.492773892708039452e-01 -1.711441754956354311e-01 3.313317999999992880e-02
2.162178351363560402e+00 -1.790773651978720959e+00 -3.460087199999999807e+00 1.774991999937008402e-01 -1.761164566140943910e-01 3.442117999999994016e-02
2.207006581026658587e+00 -1.853486116371954040e+00 -4.134049199999999757e+00 1.938216671180668371e-01 -1.801261438804519222e-01 3.468217999999995138e-02
2.229494402420034938e+00 -1.775738119857705133e+00 -4.326685200000000009e+00 1.879288060871593391e-01 -1.821439265422892528e-01 3.443317999999995216e-02
2.197288599229774597e+00 -1.601578600075207914e+00 -3.316388200000000008e+00 1.631372534566514487e-01 -1.756094500392512414e-01 3.417017999999993894e-02
2.110461811990277159e+00 -1.326741051152817708e+00 -2.642936199999999847e+00 1.359818275745202920e-01 -1.696788222343655894e-01 3.282817999999992908e-02
2.092420883860782066e+00 -1.411427429704662950e+00 -2.999928199999999823e+00 1.430019956534185899e-01 -1.698128153088796222e-01 3.335217999999995353e-02
2.144290099532204952e+00 -1.490124796507062754e+00 -3.784517199999999360e+00 1.589308111770898202e-01 -1.730322706996015869e-01 3.377617999999993348e-02
2.238226032335665305e+00 -1.596416252091901633e+00 -4.354928199999999805e+00 1.727007290685099450e-01 -1.747844953608675422e-01 3.428417999999994192e-02
2.238919764687453462e+00 -1.684744165711685726e+00 -4.711288199999998483e+00 1.665993824842126048e-01 -1.791796443752108892e-01 3.455317999999996115e-02
2.224159289550911467e+00 -1.359533340145033575e+00 -4.134453199999999384e+00 1.364970581193913624e-01 -1.790965550552535979e-01 3.567417999999994427e-02
2.208835879981866590e+00 -1.027182934140799642e+00 -3.631304199999999316e+00 1.017396082199579777e-01 -1.786681843181864848e-01 3.515417999999992382e-02
2.225724368903689854e+00 -8.778591407824151149e-01 -3.817837199999999154e+00 8.787688013287531241e-02 -1.790363839700195026e-01 3.621217999999992720e-02
2.226010018283131497e+00 -1.377139942405541717e+00 -4.356653200000000226e+00 1.071120200737158967e-01 -1.839071699903945811e-01 3.731717999999994984e-02
2.253214435566112783e+00 -1.294202005312234283e+00 -4.138329199999999375e+00 9.570475325334369676e-02 -1.847985474013921769e-01 3.838617999999993646e-02
2.271426280310293588e+00 -1.311549887950006044e+00 -3.837997199999999776e+00 8.914154189817960483e-02 -1.875090893596443320e-01 3.916917999999997013e-02
2.331189432837896369e+00 -1.358935453895369960e+00 -4.074571199999999394e+00 8.780205965149030789e-02 -1.927518939822489286e-01 3.937917999999995811e-02
2.434609188495261201e+00 -1.506837645595732411e+00 -4.431648199999999704e+00 9.100415240537790273e-02 -1.985140698729608022e-01 3.895717999999992465e-02
2.451870480072383618e+00 -1.467535458607098109e+00 -4.619707199999998792e+00 8.631817333763847078e-02 -2.014058959702059171e-01 3.987117999999995055e-02
2.432225377638129071e+00 -1.502941818238492822e+00 -4.685693199999999337e+00 8.534069942844207945e-02 -2.048075205463224524e-01 3.973117999999992156e-02
2.455040617489166799e+00 -1.677384315355851196e+00 -4.670177199999999473e+00 8.910414316578924021e-02 -2.081906014256131865e-01 3.870917999999995418e-02
2.482136804769697669e+00 -1.654338833307120060e+00 -4.766869199999998585e+00 8.866569203806176636e-02 -2.142408141994414372e-01 3.739117999999996833e-02
2.530850246352163602e+00 -1.702522708734400814e+00 -4.674676199999998616e+00 8.704562531916520962e-02 -2.162617221207292217e-01 3.796117999999992776e-02
2.635870841191299885e+00 -1.727909808246437251e+00 -5.009481199999999745e+00 8.677140830398044624e-02 -2.217447557726944796e-01 3.763817999999996555e-02
2.620931004470278936e+00 -1.763175243898775557e+00 -5.167320199999998920e+00 8.608629331738010260e-02 -2.240358992546997996e-01 3.681617999999992064e-02
2.610630902161476197e+00 -1.567100144249614635e+00 -4.667554199999999653e+00 7.022745300652485922e-02 -2.193689828214653026e-01 3.755217999999993506e-02
2.538345960987991479e+00 -1.563221909400375864e+00 -4.670911199999999042e+00 6.746044166740351733e-02 -2.170633537860015005e-01 3.750617999999994456e-02
2.507718839312410353e+00 -1.722149422197465585e+00 -4.942366199999998599e+00 6.987969813594578639e-02 -2.174705909888900446e-01 3.744217999999993607e-02
2.534763410242892423e+00 -1.763786234949957787e+00 -4.936837199999999370e+00 6.656501071235879086e-02 -2.155438932222658865e-01 3.695517999999992087e-02
2.477546585039786198e+00 -1.680528418027599002e+00 -4.622909199999998719e+00 5.941657645386921871e-02 -2.104999086215704474e-01 3.812817999999995600e-02
2.472846682393533335e+00 -1.809859986332153614e+00 -4.984489199999998732e+00 6.392655642364850066e-02 -2.129717795065864949e-01 3.815817999999993049e-02
2.513917427961971374e+00 -1.912394211074200934e+00 -5.318711199999999195e+00 7.105410728229595574e-02 -2.196193020343703006e-01 3.665917999999995791e-02
2.573315087886514529e+00 -1.801064085315319918e+00 -4.968967199999999806e+00 6.944915412724547710e-02 -2.240502019847295800e-01 3.596617999999995874e-02
2.576420987252515449e+00 -1.737954171275382098e+00 -4.502086199999999039e+00 6.633947074873547400e-02 -2.248272420644029934e-01 3.580517999999993650e-02
2.618995957750739567e+00 -1.807730067422083975e+00 -4.665138199999999458e+00 7.030262698873242233e-02 -2.277426992527996630e-01 3.485917999999993411e-02
2.717917550512663816e+00 -1.859447977815332775e+00 -4.855285199999999080e+00 7.354969257192225940e-02 -2.324157978071278718e-01 3.332017999999992153e-02
2.735743896690472354e+00 -1.819144300787685298e+00 -4.660476199999999736e+00 7.215608593871086773e-02 -2.322390110659132700e-01 3.302917999999993581e-02
2.737231474567890288e+00 -1.752002769012944272e+00 -4.264758199999999277e+00 6.818376253922628361e-02 -2.301850461660409630e-01 3.223317999999994465e-02
2.743481698472045149e+00 -1.846949812985612782e+00 -4.669652199999999809e+00 7.676779847682260738e-02 -2.328261298493147224e-01 3.194617999999993518e-02
2.690686697702792785e+00 -2.021919929607779665e+00 -4.979452199999998996e+00 8.549943413868060782e-02 -2.314466634058772176e-01 3.184917999999994920e-02
2.603780826344851196e+00 -2.035842671741314724e+00 -5.039701199999999659e+00 8.424913766643257751e-02 -2.270424386464576505e-01 2.989017999999993291e-02
2.576100727033338700e+00 -2.070189613993933975e+00 -5.600863199999999154e+00 8.595787551889580436e-02 -2.244748512669203500e-01 2.765917999999994992e-02
2.512695316428205761e+00 -2.155387729507098449e+00 -5.458733199999999286e+00 9.149421004869059959e-02 -2.160932468874353085e-01 2.693317999999994550e-02
2.419115711299879123e+00 -2.059244187726975372e+00 -4.856408199999998843e+00 8.966165723803939946e-02 -2.071993375559785799e-01 2.726917999999994846e-02
2.286109709724241323e+00 -1.579180685964071795e+00 -4.019422199999999279e+00 6.528022433908196864e-02 -1.935860067808289342e-01 2.628717999999993782e-02
2.148111823989218294e+00 -1.826582469435136247e+00 -4.660265199999999552e+00 7.488508268108920451e-02 -1.870962763372762683e-01 2.587017999999993711e-02
2.089917224110049876e+00 -1.782564250901176317e+00 -5.199756199999999495e+00 6.618271822100532664e-02 -1.828695444077745036e-01 2.471417999999994675e-02
2.102157447736249907e+00 -1.794271722984449369e+00 -5.308639199999998226e+00 6.072488178424507305e-02 -1.821766364560435392e-01 2.185617999999994732e-02
2.109210774920938114e+00 -1.558271244879793960e+00 -4.997042199999999212e+00 4.902278645893215492e-02 -1.806674320307617987e-01 2.250317999999995600e-02
2.126500785286053130e+00 -1.540253842415115537e+00 -5.046805199999999658e+00 4.538512371656368283e-02 -1.860534407359890896e-01 2.260617999999994798e-02
2.215663000362627422e+00 -1.545716245058532889e+00 -4.972177199999999075e+00 4.811914133753189549e-02 -1.930388000430137141e-01 2.167517999999993283e-02
2.327214720684668947e+00 -1.741414905202625096e+00 -5.052238199999999679e+00 6.204186924360561434e-02 -1.995718241248181646e-01 2.320917999999994041e-02
2.394683195595621150e+00 -1.563989264478996555e+00 -4.963495199999998775e+00 6.236777662588988136e-02 -2.053482375776600199e-01 2.658117999999995429e-02
2.488050116931544764e+00 -2.018619811679964293e+00 -5.630481199999998410e+00 9.811853608422572981e-02 -2.171620843750503571e-01 2.648517999999994155e-02
2.514653896141492151e+00 -1.755881460911089098e+00 -5.539258199999999022e+00 7.942864676585192907e-02 -2.159531516776115878e-01 2.728817999999993971e-02
2.480477771888100591e+00 -1.491066225699788195e+00 -4.822104199999998286e+00 7.295818461209110928e-02 -2.065791736790910105e-01 2.776017999999993990e-02
2.353123714710238623e+00 -1.523435339532851929e+00 -4.412314199999999076e+00 7.677664718035703828e-02 -1.947951464975731239e-01 2.708817999999993398e-02
2.213919617773368653e+00 -1.811296367961485521e+00 -5.521442199999999190e+00 9.137814538628476202e-02 -1.909204342318313041e-01 2.646017999999994430e-02
2.065882058267653587e+00 -1.676640597240020458e+00 -5.736392199999999164e+00 8.236394551523505692e-02 -1.807446187026086337e-01 2.621717999999995108e-02
1.940540826908639493e+00 -1.638528109897862572e+00 -5.071164199999998345e+00 8.091980332300963141e-02 -1.699415299161256554e-01 2.569117999999995239e-02
1.897328141136896518e+00 -1.382931099511605089e+00 -4.609619199999999140e+00 7.172623249263634926e-02 -1.659729477528198993e-01 2.530517999999995493e-02
2.023617191860418885e+00 -1.601293322408221309e+00 -5.106984199999999419e+00 8.578601970746560501e-02 -1.726873216233847652e-01 2.421517999999994730e-02
2.052104711068906795e+00 -1.674086330776786591e+00 -5.278990199999999078e+00 9.604527884724578524e-02 -1.774632137811744115e-01 2.484317999999993698e-02
2.136177050752611439e+00 -1.603594518655748091e+00 -5.086946199999999862e+00 9.783698778989646794e-02 -1.805171109740781876e-01 2.663817999999995578e-02
2.175621032108169040e+00 -1.560692217892007516e+00 -5.386854199999998372e+00 1.048656652643565196e-01 -1.856750399150406405e-01 2.825817999999993835e-02
2.227983501331725513e+00 -1.562291016757425766e+00 -5.612816199999999256e+00 1.136016585286162839e-01 -1.888954671672553598e-01 2.826817999999994835e-02
2.194445598674663600e+00 -1.691643570212568504e+00 -5.495728199999998509e+00 1.211872637651576212e-01 -1.887166315014713047e-01 2.859917999999994631e-02
2.174526185165934766e+00 -1.628873185288878034e+00 -5.052373199999999898e+00 1.196946001345522564e-01 -1.853363267391949509e-01 2.944617999999993296e-02
2.191892363913306330e+00 -1.717586387354378408e+00 -4.801120199999999727e+00 1.270710557625262804e-01 -1.843426012396074398e-01 2.898417999999994277e-02
2.159323946703579633e+00 -1.660352161602184129e+00 -4.685333199999998754e+00 1.273670212940914426e-01 -1.827008687997363212e-01 2.886017999999992978e-02
2.152232122155571137e+00 -1.551097363425718134e+00 -4.520024199999999936e+00 1.233449500404292798e-01 -1.807554863616371854e-01 2.956217999999993795e-02
2.133472265585987238e+00 -1.683062584834575048e+00 -4.484590199999999527e+00 1.326565318194877219e-01 -1.810906068950381698e-01 2.921317999999994974e-02
2.143612760738409229e+00 -1.612161273992929411e+00 -4.615904199999999236e+00 1.293631710136513846e-01 -1.820733472486316118e-01 2.913117999999995100e-02
2.161752828901637447e+00 -1.528757340080712179e+00 -4.570605199999999257e+00 1.260423423848058833e-01 -1.803178694738249155e-01 2.875017999999993079e-02
2.206211796026493310e+00 -1.641183477665310919e+00 -4.973677199999999132e+00 1.358276544662243845e-01 -1.803585692188534872e-01 2.927317999999995424e-02
2.115518659776245425e+00 -1.710613326592800298e+00 -4.867185199999999767e+00 1.428588975005757045e-01 -1.771465979562351356e-01 2.954117999999994471e-02
2.083224376319038118e+00 -1.744192085488649013e+00 -5.029480199999998291e+00 1.462927565772959571e-01 -1.742490685187270405e-01 2.873517999999994355e-02
1.995471565717864548e+00 -1.589961690440868214e+00 -4.953812199999999777e+00 1.424879078521826548e-01 -1.673040421559977842e-01 2.919117999999995550e-02
1.933748946346901532e+00 -1.572694333434446090e+00 -5.069449199999999323e+00 1.469080506002431452e-01 -1.646988849463905669e-01 2.871517999999995130e-02
1.886056997700021887e+00 -1.501076949132425398e+00 -5.173625199999998259e+00 1.430088291856045357e-01 -1.606966833822981167e-01 2.810817999999995487e-02
1.860891581900959268e+00 -1.529996632700201475e+00 -4.914441199999998844e+00 1.463385257250461868e-01 -1.557910316462664813e-01 2.818617999999994961e-02
1.901594727581598310e+00 -1.658081469026366550e+00 -5.376500199999998841e+00 1.572398182466922534e-01 -1.552225412263798232e-01 2.776917999999994890e-02
1.910036152456704217e+00 -1.858135960990626279e+00 -5.674116199999998500e+00 1.723551603745857863e-01 -1.572169778277104912e-01 2.811717999999993611e-02
1.878937646637101722e+00 -1.378949256087632858e+00 -5.118102199999999158e+00 1.492618108056728010e-01 -1.531208965677759160e-01 2.844517999999993108e-02
1.912065584656168049e+00 -1.450760937669426820e+00 -5.083127199999999846e+00 1.552931035861797038e-01 -1.558280360905574258e-01 2.870017999999993630e-02
1.927993513646255375e+00 -1.499784192662202864e+00 -5.111622199999999339e+00 1.658647642455062798e-01 -1.601878233450052258e-01 3.037717999999994811e-02
2.007651669490996937e+00 -1.511233865645083885e+00 -5.162854199999998173e+00 1.728445524193505389e-01 -1.644494828865764036e-01 3.151517999999994823e-02
2.112057938408354651e+00 -1.770564964782375794e+00 -5.554152199999998984e+00 1.883147852240595610e-01 -1.725698539968215650e-01 3.165217999999994647e-02
2.114039800719214490e+00 -1.663675922042810118e+00 -5.490364199999998363e+00 1.762225201704625821e-01 -1.727085113931531302e-01 3.227817999999993415e-02
2.146400830448422337e+00 -1.942024254899080704e+00 -5.301301199999999270e+00 1.895617636304041120e-01 -1.764408152281064235e-01 3.142917999999994549e-02
2.199394790151235846e+00 -1.990635127541079186e+00 -5.614352199999999016e+00 2.012659063677071092e-01 -1.831572128328375904e-01 3.317417999999994205e-02
2.226023741527577648e+00 -1.979201189042188114e+00 -5.057716199999999773e+00 2.033762786288717539e-01 -1.822399789917116264e-01 3.380917999999993873e-02
2.222201353334085638e+00 -1.545972667406668277e+00 -4.836082199999999887e+00 1.712479741866071437e-01 -1.790375170223580392e-01 3.342017999999996603e-02
2.237786660219907464e+00 -1.530193373529097789e+00 -4.819007199999999713e+00 1.708709176325197143e-01 -1.794544742803830251e-01 3.312417999999994755e-02
2.252373700544489044e+00 -1.511192368014413923e+00 -5.097017199999999804e+00 1.719123497731733230e-01 -1.804456473714290410e-01 3.314417999999996756e-02
2.227495851287366602e+00 -1.532594494832557164e+00 -5.051215199999999683e+00 1.740197028840192173e-01 -1.806579864074258635e-01 3.362317999999991924e-02
2.247538079702624980e+00 -1.634950980050400293e+00 -5.302801199999999326e+00 1.840491202784725611e-01 -1.838741687293469762e-01 3.418117999999992218e-02
2.194724280734609678e+00 -1.679122728335543435e+00 -5.332860199999998940e+00 1.885904043466476721e-01 -1.828052220458594168e-01 3.401117999999991870e-02
2.167544361602971037e+00 -1.714139383801158267e+00 -4.901015199999999794e+00 1.846476138404593292e-01 -1.798425394735422289e-01 3.344317999999996127e-02
2.187060208964453079e+00 -1.548194633291347433e+00 -4.675501199999999358e+00 1.653912738643129599e-01 -1.770017897973007182e-01 3.286317999999993633e-02
2.243556579444716093e+00 -1.402492630022494691e+00 -4.666475199999998935e+00 1.605365452330664577e-01 -1.788969546758681084e-01 3.289017999999993558e-02
2.209166946276061250e+00 -1.395263151789220224e+00 -4.676556199999998498e+00 1.580273504532797579e-01 -1.758511860442923125e-01 3.233317999999993364e-02
2.195612212495092752e+00 -1.328598158545936769e+00 -4.893732199999998755e+00 1.563499099260929892e-01 -1.778210523539060506e-01 3.285617999999995709e-02
2.208862954642107024e+00 -1.343778234453300913e+00 -4.970266199999999301e+00 1.591182741402927536e-01 -1.788507691001708921e-01 3.312117999999991680e-02
2.232701327408240122e+00 -1.232960735055133261e+00 -4.893940199999999408e+00 1.505049625555570092e-01 -1.806470189559140627e-01 3.335917999999993278e-02
2.281773600575645045e+00 -1.251760987664700231e+00 -4.773668199999999473e+00 1.477069294930179466e-01 -1.852695965897606101e-01 3.342117999999993927e-02
2.326953799036008519e+00 -1.177038230488039350e+00 -4.610093199999999669e+00 1.404931416741813377e-01 -1.902408831742178341e-01 3.421917999999996018e-02
2.402986064809859990e+00 -1.155508730858590738e+00 -4.488096199999999314e+00 1.349049595953382419e-01 -1.986726954381203836e-01 3.478817999999994637e-02
2.504754946650267211e+00 -1.003851711624553333e+00 -4.379926199999999881e+00 1.259586877406516647e-01 -2.055190052399071821e-01 3.638417999999993269e-02
2.655207681214404758e+00 -1.039034541686574720e+00 -4.424882199999998988e+00 1.282524510652703065e-01 -2.175062063231724407e-01 3.765517999999995480e-02
2.786127650700854552e+00 -1.156822186580541256e+00 -4.907382199999998917e+00 1.442566262403847666e-01 -2.293293345879020007e-01 3.877917999999996868e-02
3.068382567138992378e+00 -1.550034818518402746e+00 -5.722843199999999797e+00 1.797355122884676248e-01 -2.467066109794184003e-01 4.058717999999994497e-02
3.113919371106334211e+00 -1.526458209168459312e+00 -6.218607199999999224e+00 1.902622119727994110e-01 -2.552724484607094002e-01 4.197817999999992056e-02
3.163204564967545096e+00 -1.144726381021967221e+00 -6.167098199999999864e+00 1.580069372568420893e-01 -2.558744268640780195e-01 4.239217999999994602e-02
3.017011367446795322e+00 -7.635520048649928615e-01 -5.289182199999999057e+00 1.176835925955121570e-01 -2.494495875412937047e-01 4.119517999999994240e-02
2.980217032432872060e+00 -7.399960848260045410e-01 -4.454936199999998792e+00 1.083632853315040778e-01 -2.473345195744238445e-01 4.086817999999992068e-02
3.071040374452061350e+00 -7.805809320779699689e-01 -4.349385200000000395e+00 1.052721813920940858e-01 -2.494282113940964329e-01 4.185617999999996508e-02
3.013380802349835630e+00 -5.615144122489732492e-01 -4.724085199999999318e+00 9.339807580143932864e-02 -2.473003330089480478e-01 4.098517999999995443e-02
2.902755110427505336e+00 -5.037050652564187825e-01 -5.014336199999998911e+00 8.987661959827929203e-02 -2.416044970554443450e-01 3.982617999999993330e-02
2.919347233189863999e+00 -6.477163930616951504e-01 -4.858809199999999606e+00 1.011477081004269196e-01 -2.359784546652062831e-01 3.886517999999994366e-02
2.847786420917790995e+00 -5.957413037692169677e-01 -5.002183199999999275e+00 9.962442326417290939e-02 -2.301123125506954192e-01 3.800117999999996776e-02
2.665610365177211616e+00 -3.294274933053107368e-01 -4.553813199999998673e+00 7.524183437785741946e-02 -2.162306188427602915e-01 3.654817999999993017e-02
2.632993616455811647e+00 -6.737360551910779316e-01 -4.505557199999998375e+00 1.030988386911455001e-01 -2.168425426039022608e-01 3.643917999999995994e-02
2.646017267287634311e+00 -5.915231035167167750e-01 -5.126888199999999784e+00 9.923085315644733506e-02 -2.176817022450706351e-01 3.644717999999996794e-02
2.521850566818734762e+00 -3.633578852413041904e-01 -4.266274199999999794e+00 7.364163955312064136e-02 -2.064545809682998001e-01 3.540317999999992304e-02
2.656180910491331204e+00 -3.289742998290448028e-01 -4.553683199999998266e+00 7.748312679854831020e-02 -2.141819867906451236e-01 3.612217999999994822e-02
2.647555898168496125e+00 -2.002248019946062385e-02 -4.144115199999999888e+00 4.497735814720996150e-02 -2.162344247033890499e-01 3.665317999999995191e-02
2.580315025624326797e+00 3.085626365427598383e-01 -3.430306199999999972e+00 1.278631206021653421e-02 -2.079700286682837629e-01 3.580517999999993650e-02
2.607364410506466612e+00 3.220076425858178215e-01 -3.411204199999999798e+00 6.787075612392737267e-03 -2.132532286496494622e-01 3.588117999999995700e-02
2.969392680639460824e+00 1.080419152496125967e-01 -4.460510199999999870e+00 3.585090685792846621e-02 -2.427855507786493838e-01 3.930817999999991486e-02
2.892367616720822543e+00 4.910149172710731591e-01 -4.549215199999999015e+00 7.213861639559004946e-03 -2.396129891699390058e-01 3.915817999999993138e-02
2.904344403442185030e+00 4.072922109314485173e-01 -4.269881200000000376e+00 1.285430167587064965e-02 -2.364650571190883288e-01 3.864617999999991893e-02
3.114861172291340630e+00 4.084301895389512715e-01 -6.100809199999998711e+00 2.823618775551675619e-02 -2.541729152231275712e-01 4.091017999999996269e-02
2.692909102626806828e+00 5.087972818890629245e-01 -5.057759199999999566e+00 9.878363257382269391e-03 -2.230206525012049523e-01 3.751017999999994856e-02
1.870921561254635490e+00 8.365471327844274940e-01 -3.182448199999999172e+00 -3.498927749601261905e-02 -1.572313000327066890e-01 2.930517999999993073e-02
1.852576271930050478e+00 5.759252117482313027e-01 -4.152682199999999213e+00 -4.216571812541980435e-03 -1.512740955777217011e-01 2.787517999999994389e-02
1.617574490477017735e+00 3.763354161100246342e-01 -4.467300200000000387e+00 1.396037522706200518e-02 -1.373680755389244112e-01 2.626017999999993857e-02
1.477210864113765787e+00 2.526520330217645327e-01 -4.588042199999998516e+00 2.992287289389836819e-02 -1.205380372075288420e-01 2.365917999999994636e-02
1.042026461864488773e+00 4.152796851137121603e-01 -4.203750199999999992e+00 1.747665472830778333e-02 -8.910550574131501089e-02 2.056217999999992996e-02
1.462070592136046843e+00 2.168505586444546829e-03 -6.112128199999999012e+00 6.681985751686897457e-02 -1.209437547598607304e-01 2.345817999999993964e-02
1.157756114402370029e+00 -4.922801988638925152e-02 -4.725331199999999399e+00 5.965341570105870544e-02 -9.286443096635373096e-02 1.916017999999994337e-02
6.098554008588186193e-01 7.842358215395711651e-02 -3.297095199999999782e+00 3.117570001894088769e-02 -4.935591062230550163e-02 1.390717999999993570e-02
1.034054950345680179e+00 -8.085221973428841080e-02 -4.969668199999999203e+00 6.099221287580766648e-02 -8.160266094007082027e-02 1.882117999999993740e-02
1.805281711355078311e+00 -1.886220599492226535e-01 -8.387826199999999233e+00 1.019520481299433928e-01 -1.504455549884332888e-01 2.735517999999995120e-02
1.415542939433794611e+00 -1.469865293738901180e-01 -6.271980199999999783e+00 7.561692279215140311e-02 -1.173989384680876047e-01 2.211717999999993078e-02
7.213143032137316890e-01 7.041304560276800961e-02 -2.338696199999999781e+00 1.312337622805008312e-02 -4.093146199056479223e-02 1.254617999999993461e-02
1.039141232929114977e+00 9.300237276611539317e-02 -4.633259199999999467e+00 3.292814942478551610e-02 -7.375969143757990509e-02 1.725917999999995733e-02
1.085870872745324123e+00 1.325228647246853853e-01 -6.852135199999999315e+00 4.723484459329475166e-02 -1.045495384387482296e-01 2.364317999999993036e-02
5.407763513219819851e-01 1.637339201739606565e-01 -6.405118199999998652e+00 5.232155720552908451e-02 -6.821792559537812051e-02 2.052617999999994947e-02
1.693588291190416983e+00 2.950252636006142071e-01 -8.695704199999997996e+00 7.282155490263499120e-02 -1.438930646730081642e-01 2.680917999999993251e-02
2.052857603417845400e+00 3.681283893315349109e-01 -9.046367199999998832e+00 6.995951707355990701e-02 -1.636053342649386177e-01 2.867017999999993405e-02
1.267359938359772675e+00 6.003220262239274962e-01 -7.844593199999998490e+00 4.261948407930195304e-02 -1.071138542004820421e-01 2.232817999999994751e-02
1.028003714667660828e+00 4.751007861571887592e-01 -6.602019199999999088e+00 3.169960449407677183e-02 -8.074080527086109627e-02 1.909517999999993387e-02
1.241715353551609669e+00 4.461473391510592523e-01 -7.681049199999998578e+00 4.655589947859173350e-02 -1.054338887829110588e-01 2.177617999999995058e-02
1.909987553614722611e+00 4.288577970863721722e-01 -9.213763199999998932e+00 6.110170104743570946e-02 -1.618825759396538555e-01 2.860417999999995131e-02
1.873275210054880624e+00 2.463400682534063746e-01 -8.673484199999998978e+00 6.845911124812514847e-02 -1.544708851650200554e-01 2.759417999999994042e-02
1.021586172309593810e+00 2.306703548703248341e-01 -6.234078199999999015e+00 4.216592243828413966e-02 -8.861094235294311727e-02 1.929517999999993960e-02
1.431156308947964417e+00 4.193480667072727597e-01 -7.841665199999999558e+00 4.491365956585419844e-02 -1.221967716515889035e-01 2.387817999999994334e-02
2.213978002852261540e+00 8.362398440366018981e-01 -1.034427319999999817e+01 4.305787389564574852e-02 -1.861714461216184280e-01 3.193317999999994994e-02
1.892969460230690348e+00 9.370506808249899899e-01 -8.603114199999998490e+00 1.511914561682067837e-02 -1.562549777778787230e-01 2.806117999999993562e-02
1.527264212179420877e+00 8.142198374803342187e-01 -7.296880199999998595e+00 1.016785294043865556e-02 -1.274852654777390848e-01 2.444117999999995128e-02
1.366036621528607720e+00 6.950013425437940873e-01 -7.381256199999999268e+00 2.161693851006873945e-02 -1.141011927934143660e-01 2.312617999999994067e-02
1.259682974988524773e+00 4.222678254018282229e-01 -7.216966199999998111e+00 4.241293852633400141e-02 -1.046768289780953265e-01 2.154817999999994460e-02
1.223657455251315973e+00 1.387940230961054455e-01 -7.281795199999999468e+00 6.250592743532604190e-02 -1.044842940380886209e-01 2.165517999999994059e-02
1.372278346897654266e+00 6.677105155058082886e-02 -8.162616199999998656e+00 8.103965864787959772e-02 -1.147547036375553553e-01 2.322617999999992966e-02
1.494483094284046132e+00 2.127609806969388284e-02 -8.775559199999998228e+00 8.974004939050569951e-02 -1.223537279779312315e-01 2.405917999999993007e-02
1.569462707012935443e+00 -4.113049180690342421e-02 -8.519755199999998752e+00 9.225087443153386080e-02 -1.315980952690629646e-01 2.508317999999995496e-02
1.702411824639580074e+00 -6.985821295384886387e-02 -8.133967199999998954e+00 9.045402605261075590e-02 -1.410726792126016926e-01 2.629017999999994082e-02
1.704780492867518316e+00 7.613538401131214606e-02 -8.127710199999999219e+00 8.059557234215672383e-02 -1.399796305225449178e-01 2.563717999999995389e-02
1.403089103987038788e+00 1.570827086142121409e-01 -7.545327199999999124e+00 6.649488730991184871e-02 -1.118900590302378956e-01 2.205417999999995105e-02
1.209860642443983725e+00 9.530812533189414459e-02 -6.952105199999998320e+00 6.315300013306837656e-02 -9.807793236207963672e-02 2.077517999999994869e-02
1.261617018689680236e+00 2.492579823258689320e-02 -7.188922199999998597e+00 7.159885213304192919e-02 -1.024409667413325453e-01 2.176917999999994358e-02
1.290713825031336581e+00 8.267408075004489820e-02 -7.649151199999998596e+00 7.606903844635391765e-02 -1.066212106725258069e-01 2.211517999999995654e-02
1.432088878935176446e+00 -2.830238109801763713e-03 -7.947108199999998845e+00 8.346005607575271434e-02 -1.209268751590820007e-01 2.366317999999995036e-02
1.735106873097540081e+00 -2.433081909771417362e-02 -8.277681199999998185e+00 9.010963808537110487e-02 -1.458002699233147403e-01 2.678117999999993226e-02
1.948179576628823462e+00 4.185642391685695518e-02 -8.508411199999999397e+00 8.785394327072541809e-02 -1.603446539564452322e-01 2.837017999999993934e-02
1.463267370278632740e+00 1.935779450586851969e-01 -7.582815199999998867e+00 6.319969678642577138e-02 -1.183408276986934182e-01 2.339017999999995490e-02
1.331816377962785181e+00 1.143263729658936523e-01 -7.061795199999998829e+00 5.996961201131011110e-02 -1.083294523013983296e-01 2.176117999999993557e-02
1.221671189219442066e+00 1.899674394687750345e-01 -6.931054199999998389e+00 5.306781965659193578e-02 -9.857221948197900097e-02 2.066217999999994670e-02
9.649930502398567089e-01 2.378173066261298763e-01 -6.586218199999999356e+00 4.662344487102251106e-02 -8.393597168334160363e-02 1.906617999999993263e-02
1.044788972097876467e+00 3.030425996329743077e-01 -6.908979199999999210e+00 4.835466892799403921e-02 -9.021663313453949506e-02 2.036717999999995699e-02
1.892811973162253247e+00 1.640892073686326391e-01 -9.358661199999998459e+00 8.360409213751276991e-02 -1.584237730789488374e-01 2.860317999999995031e-02
1.352190773100737653e+00 3.287045244477143635e-01 -8.161118199999998879e+00 5.947199690945925016e-02 -1.126500461506752815e-01 2.256317999999993273e-02
1.167389759415272898e+00 2.674789289681713811e-01 -6.505647199999998520e+00 5.056901040732567076e-02 -9.513984751265788797e-02 2.003717999999993227e-02
1.685841902867911912e+00 2.873993249071187250e-01 -7.674801199999999213e+00 5.683339496535353558e-02 -1.286165216471823747e-01 2.354517999999994338e-02
1.482373863042479201e+00 3.012161752571844708e-01 -7.717634199999999112e+00 5.506233313156885800e-02 -1.164923857199951646e-01 2.291117999999994770e-02
1.395891676606550558e+00 2.756871887661127563e-01 -7.169945199999999019e+00 4.562210941987339397e-02 -1.130008930201398948e-01 2.185117999999994232e-02
1.849497826440536397e+00 4.774685468069075345e-01 -8.732968199999998404e+00 4.744078715232065424e-02 -1.535927643283895305e-01 2.699917999999995599e-02
1.481304498583208229e+00 3.589142262177951181e-01 -6.922717199999999238e+00 3.970361690816495009e-02 -1.200269143970537911e-01 2.388417999999994934e-02
1.235755978302880420e+00 5.619622568069673196e-01 -7.910097199999999162e+00 3.853525721935496112e-02 -1.070800317746784941e-01 2.271617999999994697e-02
1.510999054873143788e+00 6.011004506479717957e-01 -9.725102199999998476e+00 5.609384521722793338e-02 -1.316098594446999392e-01 2.521317999999994619e-02
1.768180149647748278e+00 6.250876080355430853e-01 -9.871683199999999658e+00 5.873413463808295487e-02 -1.389108150516134288e-01 2.525517999999993268e-02
1.608988141653337589e+00 5.328598335274937758e-01 -8.852192199999999289e+00 5.166770931419328167e-02 -1.267492424089864955e-01 2.424417999999994855e-02
1.304848030935890080e+00 4.323050229325806071e-01 -7.393191199999998631e+00 4.169324126055781038e-02 -1.069657216897867691e-01 2.152317999999994735e-02
1.154729868320917507e+00 3.760186083185320105e-01 -7.376460199999998579e+00 4.104601086281380040e-02 -1.002505550639884169e-01 2.111017999999995065e-02
1.925890562406275874e+00 3.471389790309464818e-01 -1.006295619999999857e+01 7.189015529183724607e-02 -1.658819460171103710e-01 2.940717999999994947e-02
1.296834937293008583e+00 7.073397688598370703e-01 -8.866643199999998615e+00 3.958120716951800400e-02 -1.089054809527587320e-01 2.397417999999995608e-02
1.548600281654691102e+00 6.541213552472209258e-01 -9.274134199999998884e+00 4.970249450295995131e-02 -1.320392567516616711e-01 2.463617999999995201e-02
2.333179946502262236e+00 5.118722756977466259e-01 -1.054497819999999919e+01 7.014896839275291951e-02 -1.827229409456310183e-01 3.047117999999993110e-02
1.924299227177219684e+00 5.215254976073226967e-01 -8.977831199999998901e+00 5.361994724497405607e-02 -1.551529237911880299e-01 2.719217999999995472e-02
1.283897951394145309e+00 4.048057707210285239e-01 -5.938133199999999334e+00 2.859609271558065380e-02 -1.075598504559666935e-01 2.166717999999995259e-02
1.414440783789633782e+00 5.989647761963438066e-01 -7.814296199999999359e+00 2.695185271570962882e-02 -1.214362404700454062e-01 2.314517999999993192e-02
8.350071038509450094e-01 8.101801456979715876e-01 -7.149235199999999679e+00 5.797960494421952604e-03 -8.055814954238411929e-02 2.023517999999993600e-02
1.529714841606031550e+00 8.406648499479701941e-01 -8.944763199999998804e+00 2.746461987711459884e-02 -1.262734034648373971e-01 2.420517999999993730e-02
1.730656251577347593e+00 9.425224499773218190e-01 -9.914768199999999254e+00 2.795901727978599566e-02 -1.370122206812831589e-01 2.534617999999994042e-02
1.937700503493694271e+00 8.419977006844215905e-01 -9.761172199999998966e+00 3.695902222726307751e-02 -1.514740767497616547e-01 2.674217999999994877e-02
1.454382681564324820e+00 9.030362916777450177e-01 -7.769784199999998364e+00 9.993658943965783026e-03 -1.188837771500371593e-01 2.382217999999994285e-02
1.159312786730873901e+00 1.052940738803159970e+00 -6.807185199999999270e+00 -1.670349323558188021e-02 -1.010340526002835998e-01 2.236517999999995676e-02
1.483535917004591864e+00 1.305635645124026967e+00 -8.012219199999998764e+00 -2.159364917872413220e-02 -1.277327955454439778e-01 2.457517999999994651e-02
1.250966160735915267e+00 1.459383114157271066e+00 -7.368766199999999600e+00 -3.893233958976848735e-02 -1.017534375889824760e-01 2.169317999999995084e-02
1.313770084070867483e+00 1.616494742879455382e+00 -8.138966199999998707e+00 -4.530282247567125192e-02 -1.113318550365789139e-01 2.257917999999994874e-02
2.659006665284131987e+00 1.449373732477863719e+00 -1.219258719999999840e+01 9.544968326946526305e-03 -2.217586652507305967e-01 3.627717999999996445e-02
1.749861950357330054e+00 1.606790657977202663e+00 -9.143495199999998491e+00 -3.159596455098077905e-02 -1.505213769886562525e-01 2.828217999999993459e-02
1.351100691620870098e+00 1.516929056094560524e+00 -7.411551199999998119e+00 -4.287596629952815375e-02 -1.191695193634250416e-01 2.369217999999995161e-02
1.543484731210421401e+00 1.502415995452293096e+00 -7.523233199999998178e+00 -4.196754926539025821e-02 -1.231569846600875789e-01 2.353117999999992938e-02
1.507070754357467290e+00 1.471820831590130663e+00 -7.558752199999998922e+00 -3.722127947704901435e-02 -1.253723031690788248e-01 2.381517999999993584e-02
1.181923740658525013e+00 1.427017415418371682e+00 -7.398572199999998489e+00 -3.915808215812297682e-02 -1.016297877089472890e-01 2.128917999999993538e-02
1.357940316795935409e+00 1.393957011566283377e+00 -8.394788199999998923e+00 -2.358727092655315410e-02 -1.155058632921523165e-01 2.344017999999994939e-02
2.166457348376747305e+00 1.294492084759131245e+00 -1.115290419999999827e+01 1.355044824577665563e-02 -1.755577605450882317e-01 3.091117999999995480e-02
2.210851905704956266e+00 1.165566457110349452e+00 -1.059491419999999806e+01 1.684608383305756518e-02 -1.815287874312986327e-01 3.106917999999994628e-02
1.615142235952812921e+00 1.103884066845444156e+00 -7.803337199999999640e+00 -8.058029304431300888e-03 -1.317991432456104006e-01 2.485317999999994698e-02
1.486032924766379049e+00 1.232877346104344296e+00 -8.053171199999999530e+00 -1.507329084877647579e-02 -1.267332035041180138e-01 2.534317999999993742e-02
2.210033369838925399e+00 1.220052619060297605e+00 -1.065818919999999892e+01 1.111244330187828588e-02 -1.820265537009656820e-01 3.104317999999994804e-02
1.380633298880528548e+00 1.144424201258483764e+00 -8.042791199999998142e+00 -8.897510149592731399e-03 -1.136592029780514324e-01 2.317117999999993017e-02
1.428820402434121117e+00 9.594658049280782031e-01 -8.243926199999998872e+00 8.205710346788346043e-03 -1.152305112393962050e-01 2.272817999999993122e-02
1.548385377553032960e+00 9.137519670579760112e-01 -9.125324199999999664e+00 2.048571245286754522e-02 -1.234688191527174017e-01 2.324017999999994366e-02
1.523624804210560013e+00 6.556296981915491484e-01 -8.523624199999998652e+00 3.403548615554594786e-02 -1.232413161720680439e-01 2.308317999999995318e-02
1.101466096240024228e+00 6.974528442311281884e-01 -7.706419199999999137e+00 2.164427454628103237e-02 -9.231027875244018910e-02 2.040417999999993848e-02
1.009708459920731993e+00 9.227802321827407450e-01 -8.770496199999998410e+00 1.660305444922647450e-02 -8.806056959379734983e-02 2.118617999999994339e-02
1.469387730856435592e+00 1.029561061698248459e+00 -1.041529919999999798e+01 2.874395748983023247e-02 -1.199176192274130914e-01 2.349817999999995188e-02
1.487081135410544208e+00 8.957982987883689185e-01 -9.081910199999999378e+00 2.411635263534855217e-02 -1.152881477337350524e-01 2.193017999999993806e-02
1.318754159876586396e+00 8.840327538545208474e-01 -8.838577199999999578e+00 2.187449222939970295e-02 -1.124107517025570435e-01 2.231717999999993651e-02
1.147885328292563401e+00 8.567117236559583793e-01 -8.073281199999998492e+00 1.807002926575326102e-02 -9.892025936320032742e-02 2.083317999999995118e-02
1.405629151054605952e+00 8.644922445259739519e-01 -9.415177199999998692e+00 2.765364995889742217e-02 -1.196631816358681710e-01 2.348717999999994088e-02
1.497721938571533684e+00 1.010438949964507671e+00 -9.791359199999998708e+00 2.317408813895888847e-02 -1.256733272997725970e-01 2.396617999999994808e-02
1.209840339768333717e+00 1.079010504529891890e+00 -8.528215199999998219e+00 1.438181284739027677e-03 -9.796912281336518646e-02 2.039017999999995223e-02
1.208142431388675275e+00 1.262708298591590728e+00 -8.585371199999999092e+00 -1.234697635808298249e-02 -9.976902663372506919e-02 2.065417999999993870e-02
1.455513020165113414e+00 1.487024496442744814e+00 -9.761280199999998075e+00 -1.485921520147263919e-02 -1.216708371980086689e-01 2.419717999999995706e-02
1.391367661509465226e+00 1.462731347203953591e+00 -8.919141199999998548e+00 -2.186405308368724598e-02 -1.154468610377160087e-01 2.271217999999994297e-02
1.212197038797351079e+00 1.368439848886483734e+00 -8.190474199999998817e+00 -2.639879987420003932e-02 -1.057616788739188796e-01 2.161017999999995109e-02
1.675936751959306470e+00 1.375370264852886493e+00 -1.003138819999999853e+01 -3.509413054958193667e-03 -1.420518477773439481e-01 2.672517999999993177e-02
1.476843254984403053e+00 1.225489087087617834e+00 -9.081009199999998671e+00 -4.381836514664685933e-03 -1.238076013060052660e-01 2.416317999999995081e-02
1.124432233582773444e+00 1.212666066863810510e+00 -8.316973199999999622e+00 -9.870137672529664952e-03 -9.766320229970607003e-02 2.114417999999995690e-02
9.471789239027996743e-01 1.280741178413446590e+00 -8.494978199999998481e+00 -1.215092761832817919e-02 -8.952861600271810882e-02 2.057517999999994296e-02
1.041758618168980188e+00 1.333297233464371345e+00 -8.659538199999998298e+00 -1.750332584429038774e-02 -8.546517592924382511e-02 1.914217999999995312e-02
1.189318968034001500e+00 1.344958479183096189e+00 -9.162397199999999131e+00 -1.130216972579593804e-02 -9.655910574667365964e-02 2.055817999999995371e-02
1.180718647674949162e+00 1.200082159138301963e+00 -8.871552199999998223e+00 -3.415267166040791835e-03 -1.024192922635797642e-01 2.199117999999994355e-02
1.220836369586436598e+00 1.148423729878087496e+00 -8.869921199999998507e+00 -1.266816568046488789e-04 -1.030840503763110344e-01 2.195717999999993730e-02
1.677711550823264508e+00 1.196527676024071951e+00 -1.000129519999999950e+01 1.062012009576424054e-02 -1.308985728796901171e-01 2.457617999999994751e-02
1.374836687735607743e+00 1.157263816526652223e+00 -9.694772199999999174e+00 6.760366175575863168e-03 -1.183855624635036796e-01 2.362417999999993912e-02
1.213451448683246836e+00 1.151945367033393230e+00 -8.774757199999998036e+00 1.664514306111711250e-03 -1.028527345263739456e-01 2.157317999999994185e-02
1.558477944833804418e+00 1.176492690554892695e+00 -9.965581199999999029e+00 8.302531150818838468e-03 -1.283752180726392411e-01 2.444017999999995028e-02
1.286987847772411930e+00 1.232458121265248119e+00 -9.299641199999998165e+00 -2.850210447742605735e-03 -1.087016084690175244e-01 2.216017999999994603e-02
1.057821994228976159e+00 1.276921798516557960e+00 -8.262600199999999617e+00 -1.625970484552297785e-02 -8.655669176120631136e-02 1.926017999999993235e-02
1.539351603907564092e+00 1.414198625373048079e+00 -1.025275919999999807e+01 -1.103411728578342771e-02 -1.222197141745617888e-01 2.302617999999995169e-02
1.576109159047817343e+00 1.483615733531709502e+00 -1.047628419999999849e+01 -7.779643258075313872e-03 -1.366715977820011085e-01 2.550517999999993290e-02
1.438851751521048827e+00 1.376795853921074064e+00 -9.428132199999998520e+00 -1.314783395173634017e-02 -1.197272963010757030e-01 2.375917999999993535e-02
1.659887410282468334e+00 1.427088476053005595e+00 -1.035501719999999892e+01 -7.316983224869136326e-03 -1.348816157447522146e-01 2.557717999999994940e-02
1.488229104132891001e+00 1.384682756864929809e+00 -1.017187119999999823e+01 -4.412330502045827552e-03 -1.311524429732390529e-01 2.565917999999994814e-02
1.677126121788178326e+00 1.246599631227008009e+00 -9.972435199999999611e+00 1.383768422127465425e-03 -1.334484075333307596e-01 2.509517999999993920e-02
1.530907522342914717e+00 1.322643564122838677e+00 -9.751913199999998838e+00 -4.507716994216565132e-03 -1.313962183147142637e-01 2.540517999999994392e-02
1.638755246620726913e+00 1.211365168496836953e+00 -9.548547199999998014e+00 -8.316684144007852053e-04 -1.307017279700482537e-01 2.483917999999993298e-02
1.640281667402254451e+00 1.282579405420346319e+00 -1.003755319999999962e+01 4.489800922761591484e-03 -1.418083529341694904e-01 2.689517999999993525e-02
1.791441759406789291e+00 1.303913211789127224e+00 -1.005763319999999794e+01 -5.319816571693058993e-05 -1.467854324274148470e-01 2.701517999999994424e-02
2.052065317883023265e+00 1.365864153704362982e+00 -1.085552519999999888e+01 5.519839903731116326e-03 -1.691047429829961313e-01 2.978917999999994293e-02
1.738811372899271124e+00 1.382200506697492060e+00 -9.572990199999999561e+00 -1.255370506239240902e-02 -1.463540331620364343e-01 2.703517999999993648e-02
1.791109269709734830e+00 1.427971739575818910e+00 -9.087844199999999262e+00 -2.070681703381126865e-02 -1.425589743770495632e-01 2.615117999999994058e-02
1.908620752429141643e+00 1.457155569586399801e+00 -9.634223199999999210e+00 -1.320696353681585777e-02 -1.607829452265545078e-01 2.919117999999995550e-02
2.231496226843797892e+00 1.377247462516399734e+00 -1.025183119999999803e+01 -5.503040539800718722e-03 -1.816303786046962743e-01 3.090717999999995080e-02
2.498268451106605781e+00 1.348140300667912239e+00 -1.140969019999999823e+01 8.733173814309241889e-03 -2.091481845830775455e-01 3.465817999999992738e-02
2.042175710897894625e+00 1.308090222042413098e+00 -9.562543199999998578e+00 -5.568987065666025638e-03 -1.707032668154023491e-01 3.010317999999995164e-02
1.741704794376057519e+00 1.296181463310822179e+00 -8.082202199999999337e+00 -2.253763937045203530e-02 -1.385443529040265576e-01 2.554317999999994315e-02
1.761468934328891844e+00 1.369103161926013668e+00 -8.956618199999999419e+00 -1.949806658556046263e-02 -1.420847609716575366e-01 2.624217999999994833e-02
1.470080426352117220e+00 1.426470069015984166e+00 -8.733587199999998774e+00 -2.788482900334779413e-02 -1.192158612135233442e-01 2.332017999999994040e-02
1.717522804665322811e+00 1.446813145767170017e+00 -1.019256819999999841e+01 -1.107147912741825169e-02 -1.357297811282370814e-01 2.560917999999995365e-02
1.748602821006992603e+00 1.332793158772777264e+00 -1.005446119999999866e+01 -8.177669611268978400e-04 -1.383321183106269447e-01 2.561417999999993089e-02
1.090447387261727297e+00 1.182578342514254865e+00 -7.499993199999998694e+00 -1.445487531973346784e-02 -9.032779244705896327e-02 2.001717999999994002e-02
1.779594188712073199e+00 1.027501176832916086e+00 -9.212817199999998152e+00 1.654024272015330171e-02 -1.462287318192509733e-01 2.640917999999994881e-02
1.813905984505981506e+00 1.153135897127097076e+00 -9.803823199999998295e+00 1.044095322296020867e-02 -1.469024265790866979e-01 2.640517999999994481e-02
1.882698725177399890e+00 1.026577109048532721e+00 -9.635733199999998888e+00 1.580233681029886983e-02 -1.529168723581602329e-01 2.717917999999994172e-02
1.396793564979113889e+00 1.204430397977013900e+00 -7.982466199999999290e+00 -1.646982897124983636e-02 -1.115937072353355569e-01 2.232417999999994351e-02
1.345617325718810875e+00 1.263277359148957446e+00 -7.643114199999999414e+00 -2.384114386051489759e-02 -1.132237577877109463e-01 2.288117999999994545e-02
2.054970562437492099e+00 1.290998239036346584e+00 -1.039047919999999969e+01 2.340418418555770264e-03 -1.709119648895714161e-01 3.010817999999995664e-02
1.528899834998177942e+00 1.458710048723293795e+00 -9.244896199999999453e+00 -1.792349577649463011e-02 -1.325123727238252391e-01 2.614217999999993158e-02
1.321238634949681412e+00 1.443614147676376858e+00 -8.989301199999998104e+00 -1.704619741784489662e-02 -1.132114353996974410e-01 2.261717999999993123e-02
1.725715003264592706e+00 1.239373543359360230e+00 -8.916446199999999322e+00 -4.650621858738712699e-03 -1.315152779623531831e-01 2.389217999999992958e-02
1.355925039129230125e+00 1.222048708561669805e+00 -7.711712199999999129e+00 -1.864692998703933180e-02 -1.078106091442138925e-01 2.128517999999993138e-02
1.017881136100913020e+00 1.281307810827750693e+00 -7.407635199999999642e+00 -2.426466706823523362e-02 -9.176683617503496315e-02 1.995217999999993053e-02
1.178050345976664026e+00 1.399161092910931048e+00 -8.371736199999999073e+00 -2.615958996960671828e-02 -1.019476852161443486e-01 2.123717999999993888e-02
1.775292765178348109e+00 1.404364610770971744e+00 -9.982448199999998550e+00 -8.897464029405499630e-03 -1.460318554025574200e-01 2.674817999999995477e-02
2.244801100360596990e+00 1.355151093975348164e+00 -1.112933219999999856e+01 7.517808035477344109e-03 -1.877058005965977494e-01 3.200717999999994068e-02
1.639549868089257512e+00 1.384599716744932207e+00 -8.657965199999999584e+00 -2.479591831622796755e-02 -1.349799878549518828e-01 2.474717999999995199e-02
1.231336439607346511e+00 1.446172302016655253e+00 -7.035770199999998198e+00 -4.392623227503826555e-02 -1.007312057913901659e-01 2.109917999999993965e-02
1.351621120228513773e+00 1.653407838804784147e+00 -8.069353199999998338e+00 -4.767534552326450903e-02 -1.104864797420270356e-01 2.218817999999994628e-02
1.631701065948384599e+00 1.630291364364369056e+00 -8.873032199999999037e+00 -3.890605200078775527e-02 -1.363149007374468979e-01 2.565917999999994814e-02
1.575542391069538084e+00 1.731928555593033270e+00 -8.740892199999999335e+00 -4.446517646013863068e-02 -1.254973571509644947e-01 2.400717999999993357e-02
1.870845868623558506e+00 1.663598481478464342e+00 -9.974209199999998887e+00 -2.959379479411211600e-02 -1.549800311874790781e-01 2.773317999999994066e-02
1.482777896257400307e+00 1.690127158878943270e+00 -8.992630199999998908e+00 -4.352352594063593066e-02 -1.244126524450097776e-01 2.460317999999994676e-02
1.219533809007963043e+00 1.632466240500800581e+00 -7.996758199999998595e+00 -4.715349052154206577e-02 -1.050785821508020135e-01 2.197917999999993155e-02
1.340060342641515190e+00 1.544896117066605123e+00 -7.906900199999999046e+00 -4.522207206895240833e-02 -1.093771761954863975e-01 2.203717999999993404e-02
1.580447273039969680e+00 1.584145374175605969e+00 -8.375552199999999559e+00 -4.137547888875117708e-02 -1.268107812703419823e-01 2.432917999999995029e-02
1.486336225096477781e+00 1.530061016594345791e+00 -7.895670199999999639e+00 -4.443461001907968166e-02 -1.203319890428156680e-01 2.239717999999993325e-02
1.482545218605468618e+00 1.650822181406486511e+00 -8.694854199999998201e+00 -4.436179028604775310e-02 -1.285259515937723918e-01 2.502017999999994746e-02
1.591518909420913008e+00 1.894450506348517971e+00 -1.042201819999999834e+01 -4.184274442331455818e-02 -1.404763725462512824e-01 2.610017999999994509e-02
1.840217857473966934e+00 1.778962288515249179e+00 -1.048865019999999859e+01 -3.244555402236730390e-02 -1.522633318474597708e-01 2.734817999999994420e-02
1.445408665769193357e+00 1.818488173570784960e+00 -8.955490199999998069e+00 -4.979333802153098482e-02 -1.221953634538625322e-01 2.402817999999995457e-02
1.702953858129697684e+00 1.570026240715889365e+00 -8.627302199999999033e+00 -3.812135433678599805e-02 -1.391278782659938762e-01 2.510517999999994920e-02
1.408717306057502006e+00 1.593967638537779230e+00 -7.985928199999998256e+00 -4.592373471572155225e-02 -1.195466250266733199e-01 2.349417999999994788e-02
1.355856406458306518e+00 1.646014880631513355e+00 -8.214245199999998803e+00 -4.519192891593864364e-02 -1.130375146211413939e-01 2.251617999999994124e-02
1.631005257045313073e+00 1.597772567661993603e+00 -9.203864199999998164e+00 -3.230500504276419965e-02 -1.346629113131562472e-01 2.492717999999993772e-02
1.264904723144787413e+00 1.679485423313658687e+00 -8.317652199999999496e+00 -4.707807096813321213e-02 -1.010887569803260305e-01 2.144317999999995061e-02
1.539582226329065939e+00 1.531273010711168947e+00 -8.720142199999999733e+00 -3.158232152853048674e-02 -1.219183665375177250e-01 2.244417999999995250e-02
1.451515779818579155e+00 1.549634919517597353e+00 -8.953008199999999306e+00 -3.209081893333644298e-02 -1.174789971690932411e-01 2.314417999999993092e-02
1.172861230522038722e+00 1.498011445590112567e+00 -8.168789199999999084e+00 -3.673029183181154150e-02 -9.864613237840579030e-02 2.111017999999995065e-02
1.029542179094891097e+00 1.500880884389361958e+00 -8.019950199999998475e+00 -3.746046283800887750e-02 -8.960033046250531763e-02 2.007517999999994252e-02
1.290882542499172780e+00 1.494462456410652118e+00 -8.429340199999998617e+00 -2.955797655258265294e-02 -1.067686807183875208e-01 2.129217999999993838e-02
1.257053562920471101e+00 1.406371378101530789e+00 -8.220553199999999450e+00 -2.611458457175008796e-02 -1.060478862495284058e-01 2.151117999999993535e-02
1.357615707364790758e+00 1.329271927916981344e+00 -7.819038199999999605e+00 -2.423965564003584261e-02 -1.106581675317302726e-01 2.145317999999993286e-02
1.343235031416280201e+00 1.416237954250624487e+00 -8.008706199999998887e+00 -3.051745406675518413e-02 -1.086751032580668408e-01 2.124117999999994288e-02
1.190683615640928616e+00 1.444972405122981529e+00 -7.989194199999998247e+00 -3.216833098821089004e-02 -9.968177626577946759e-02 2.152917999999995335e-02
1.239749778727601059e+00 1.662629998626980798e+00 -8.890920199999998275e+00 -3.508979127842083018e-02 -1.077357990353478845e-01 2.232017999999993951e-02
1.323822893167966752e+00 1.523147123444049456e+00 -8.092798199999998943e+00 -3.680404952455426648e-02 -1.049958292060316212e-01 2.138717999999995012e-02
1.160802454600404987e+00 1.515756905975006230e+00 -7.662306199999999734e+00 -4.160078147989308001e-02 -9.997929050403482620e-02 2.064317999999995545e-02
1.197759589036304417e+00 1.566552430820083552e+00 -8.213086199999999337e+00 -4.301936563952189763e-02 -1.026476540441189356e-01 2.121717999999994664e-02
1.311271815401077401e+00 1.562867247145889982e+00 -8.099490199999998197e+00 -4.206271622272850924e-02 -1.089152339513358436e-01 2.187517999999993856e-02
9.206378044798420035e-01 1.579221390889544052e+00 -7.089776199999999307e+00 -5.144334986263360276e-02 -8.219491146986339369e-02 1.913317999999994412e-02
8.156896358700218563e-01 1.613263010055570490e+00 -6.695324199999998172e+00 -5.738647330161451843e-02 -7.049925070233786784e-02 1.753017999999995080e-02
1.126611638085979639e+00 1.648689333644393740e+00 -7.972870199999999130e+00 -5.044739397367226097e-02 -9.160128015640994770e-02 1.944217999999994784e-02
1.206778005709064461e+00 1.540931689891755996e+00 -7.796375199999998173e+00 -4.120475642835518676e-02 -9.924956304905288573e-02 2.100417999999995566e-02
9.414384045159933656e-01 1.507890186419578171e+00 -7.002522199999999586e+00 -4.809142261132728913e-02 -8.037052096836699855e-02 1.825217999999995122e-02
1.242194218823529983e+00 1.598983206707690563e+00 -8.562772199999999501e+00 -4.056474169946749919e-02 -9.760960538288990240e-02 1.996917999999994753e-02
1.122352349640526992e+00 1.492913288560631102e+00 -7.658191199999999199e+00 -3.859417798173820496e-02 -9.640220336435219306e-02 2.079517999999994093e-02
8.691361998715489978e-01 1.417138601196217707e+00 -6.353947199999998574e+00 -4.643465208644675934e-02 -7.335296758931195149e-02 1.712717999999993634e-02
1.210650740610975440e+00 1.450643934496134602e+00 -7.940355199999999058e+00 -3.478937748902919541e-02 -9.876331818804912066e-02 2.036517999999995499e-02
7.882374764696357117e-01 1.425935695031157469e+00 -6.228143199999999879e+00 -4.770341771502262934e-02 -6.828572782986258582e-02 1.716117999999994259e-02
9.196912124463190175e-01 1.445117662859626506e+00 -6.847801199999999255e+00 -4.355028224044429908e-02 -7.796024211895219436e-02 1.802317999999994425e-02
1.088226129755073490e+00 1.543001679454427233e+00 -7.837598199999998627e+00 -4.265713561879431320e-02 -9.498417119282451249e-02 2.026917999999994224e-02
9.647977847798054896e-01 1.493972902428417626e+00 -6.643965199999998461e+00 -4.966018369927361481e-02 -8.291957444935667276e-02 1.849817999999994744e-02
1.257766398101372474e+00 1.556859649907027077e+00 -7.637547199999998426e+00 -4.728083987595523008e-02 -1.023382007645839142e-01 2.039117999999995323e-02
1.359868162061044217e+00 1.627579124666978405e+00 -7.611655199999999510e+00 -5.318925547863310316e-02 -1.128610327534561586e-01 2.243417999999994250e-02
9.266370222510195154e-01 1.828173659694497744e+00 -6.204372199999998116e+00 -7.812927522150718562e-02 -8.270945567654272579e-02 1.911617999999995487e-02
1.101560396358331806e+00 2.010976427132283195e+00 -6.813083199999999451e+00 -8.895038135819485769e-02 -8.958688484582831568e-02 1.906317999999992963e-02
1.152398131401927373e+00 2.157585013543984243e+00 -7.312594199999999489e+00 -9.497779065622831418e-02 -1.024613886869081558e-01 2.131617999999993462e-02
9.363256469941009241e-01 2.121456928197130942e+00 -6.072590199999998717e+00 -1.067731336219135824e-01 -8.320613357766955265e-02 1.902717999999994913e-02
1.225521924939107166e+00 2.244144515551170116e+00 -6.993312199999998313e+00 -1.101334944258470644e-01 -9.724929704846159428e-02 2.004517999999994027e-02
1.407918352281035901e+00 2.246113543204720564e+00 -7.535448199999999375e+00 -1.022854224594239858e-01 -1.198201404400995040e-01 2.323117999999993466e-02
1.149582470411632196e+00 2.173530654113986937e+00 -6.088025199999998804e+00 -1.127799649062930232e-01 -9.651176332304425842e-02 2.037817999999994023e-02
1.453302589569544834e+00 2.266804964101804654e+00 -7.103530199999999795e+00 -1.115020006365746996e-01 -1.164187625274779869e-01 2.200217999999995455e-02
1.457566678735966903e+00 2.193442115407245652e+00 -6.816118199999998239e+00 -1.081604148262339388e-01 -1.191504258068975669e-01 2.303517999999993293e-02
1.072860601405069225e+00 2.088346525843870261e+00 -5.343095199999998712e+00 -1.156996774898753494e-01 -8.630695291670789637e-02 1.901117999999993313e-02
1.265352445766946055e+00 2.286461054216130329e+00 -6.254351199999998556e+00 -1.195999586064153131e-01 -1.039793960758175623e-01 2.093017999999993717e-02
1.452462836834300441e+00 2.195395440224778394e+00 -6.500577199999998612e+00 -1.084822274769111083e-01 -1.136412074759667462e-01 2.206217999999993129e-02
1.807089194975884938e+00 1.997709466844680870e+00 -7.700731199999998111e+00 -8.030947662886243898e-02 -1.518250525763986114e-01 2.695617999999994074e-02
1.278433377440735041e+00 1.931940903448158275e+00 -6.288798199999998673e+00 -9.096252190956823080e-02 -1.115577656520572586e-01 2.229017999999993727e-02
1.071465731159640500e+00 1.697202568449666771e+00 -4.742601199999999295e+00 -8.896369764978148686e-02 -9.004917444811065541e-02 1.942817999999993384e-02
1.359198811219599179e+00 1.714262637623313212e+00 -6.395887199999998884e+00 -7.315471674212736808e-02 -1.174581945448129050e-01 2.294717999999995595e-02
1.111146705689031844e+00 1.675765223712087248e+00 -5.466995199999999500e+00 -7.846200987551686656e-02 -9.174446141256863141e-02 1.945917999999993708e-02
1.120829146117890307e+00 1.488181952594054058e+00 -4.892602199999998902e+00 -7.239393288295631335e-02 -8.832655041133453955e-02 1.869817999999995317e-02
1.180371057664739709e+00 1.543194670444993921e+00 -5.820683199999999502e+00 -6.349152803548338553e-02 -9.326732564723529129e-02 2.019017999999994650e-02
1.519173296299950238e+00 1.521013108174270156e+00 -7.805633199999999050e+00 -4.024237179475512183e-02 -1.308678696738076463e-01 2.487117999999993723e-02
1.384638739946520758e+00 1.312060906126083948e+00 -7.344882199999998917e+00 -3.085363125150186042e-02 -1.175181971680315796e-01 2.274417999999994722e-02
7.563177578373552201e-01 1.131557643678078318e+00 -4.599378199999998529e+00 -4.004587125966549421e-02 -6.058462691609400180e-02 1.555817999999994927e-02
1.020849984880997763e+00 8.734529747832077140e-01 -5.433381199999999467e+00 -1.558260965005792836e-02 -8.042968049173093714e-02 1.809517999999993298e-02
1.102714030470699713e+00 8.304986677851052823e-01 -7.085524199999998274e+00 4.367320509346940549e-03 -9.658190422825924104e-02 2.035017999999993998e-02
7.032962372982349830e-01 6.380550559029789515e-01 -6.459682199999999597e+00 1.500307447302299396e-02 -6.864053125511870856e-02 1.768217999999993628e-02
1.030051304820912561e+00 6.359704508443644322e-01 -7.180039199999999511e+00 2.276899873478710479e-02 -8.613571451682087987e-02 1.900117999999995089e-02
1.195952899728940810e+00 6.040674750588277409e-01 -6.685613199999998812e+00 2.094634139915313442e-02 -9.107031168749850358e-02 1.877117999999994291e-02
8.130689122048901929e-01 5.067776493745217437e-01 -4.646639199999999192e+00 8.118192349378522410e-03 -6.265676462000327462e-02 1.587717999999993523e-02
4.718387387455100224e-01 4.426592107559662592e-01 -4.729203199999998830e+00 1.231614639870204364e-02 -4.687913565365448704e-02 1.492617999999995559e-02
6.697460750263288798e-01 4.799461099463101510e-01 -5.641808199999999829e+00 1.727772481312125907e-02 -5.779598041931682806e-02 1.565017999999993026e-02
1.016012651165658864e+00 5.672307135700060954e-01 -7.352347199999998750e+00 2.924329326201913562e-02 -8.280580530264497474e-02 1.887717999999993790e-02
